2 0.20906202793121342 0.2508971390900788 0.04691561063130698 0.0839586469862196
2 0.26965552965799966 0.4653771153202763 0.07634655634562175 0.14239753440574363
2 0.3998233501699297 0.11219686032548179 0.03685661814774343 0.044506073349065665
5 0.07588578363259638 0.2876107507446374 0.13101639747619637 0.09097044729544755
5 0.4484849606422717 0.5740748198136041 0.15493045563747754 0.2433710509397417
2 0.18537629621177856 0.17837476815907524 0.03794351861973721 0.04958943432162263
2 0.17638650441012452 0.14291368786812045 0.035265425151755375 0.043858407957131244
2 0.3243563529359864 0.056859543561003006 0.032456071792206005 0.031592009504663586
2 0.172655181399972 0.10574925907293857 0.03427377955414862 0.04009494610372452
2 0.07346713393926621 0.4037647388599537 0.13896094957987468 0.10966536910445601
5 0.27413630718679727 0.2000783629819994 0.08317709679653522 0.19714942310825564
2 0.20721769499417936 0.10351966873706003 0.0279394644935972 0.0289855072463768
