2 0.5395055611928304 0.12802715654726382 0.04494759241739909 0.06459930561206959
2 0.30323154131571445 0.18482500005651403 0.05410305658976236 0.07776798672146268
2 0.7324794660316107 0.31942752248790235 0.10428706214948479 0.11975266399048662
2 0.29672265847524004 0.39199862509011624 0.0808504899342855 0.16449020822543886
2 0.7500249485901886 0.24194811358992918 0.08488522753479359 0.07353762451730261
5 0.47513522920188306 0.021112152019819898 0.03677120571976897 0.040875267824170454
2 0.30072412672463056 0.11094277702602856 0.039315100169639 0.06131042203527462
2 0.5196837284448046 0.06108406943453085 0.03840526308264372 0.04996591543788947
2 0.49935771215902747 0.5606198376569314 0.12651091438637224 0.19045759935338197
2 0.9258851687113443 0.20397695612024377 0.044690513610839845 0.05979711744520399
2 0.08775205377147127 0.8499335989375832 0.15160567587752058 0.300132802124834
2 0.22554144884241972 0.18791500664010624 0.05227781926811053 0.08100929614873838
2 0.29648991784914114 0.04316069057104914 0.029873039581777446 0.041168658698539175
2 0.2651232262882749 0.026560424966799463 0.026885735623599673 0.04249667994687914
2 0.9843166542195665 0.4707835325365203 0.03136669156086616 0.08632138114209845
2 0.4144884241971621 0.00796812749003984 0.02539208364451083 0.01593625498007968
