2 0.21796032001115223 0.3142441211828601 0.06320089877571075 0.11133623634883567
2 0.2998806374098483 0.3069610792463855 0.05992928680293193 0.08688460152662474
2 0.1911531686782837 0.2065879185994466 0.03677398363749186 0.05566856949417679
2 0.3530990406004697 0.41279111157532733 0.08263025996523911 0.13024776455189216
2 0.2624437888463338 0.21455640439633972 0.03662562370300293 0.05868140326605903
2 0.23214309215545648 0.14912219815118213 0.03556408882141113 0.042778971120234106
5 0.07012421099030329 0.28787040447185086 0.12714736079540556 0.09555554386662815
2 0.07071505799343131 0.4021679637128797 0.13216057526866362 0.09946330868844085
2 0.2802632431027312 0.612625448342326 0.09952532206110887 0.20906555477657482
2 0.17673488182533575 0.13176901783346456 0.031082208255580543 0.04756540155939698
2 0.21106987931696533 0.10477243857002305 0.028913682098214412 0.03728099041141923
2 0.19589019621540277 0.07327642942934126 0.024576629783482247 0.03085323344393317
2 0.1658922510385053 0.08870304615130785 0.028190840045759086 0.02828213065693874
2 0.1579409884614963 0.0514220557398886 0.022408103626116196 0.020568822295955434
2 0.18504756542857234 0.05013650434639139 0.024576629783482278 0.02313992508294987
2 0.23376729146051317 0.017684468061811374 0.025072832522578713 0.03274901492928032
5 0.17661598203404705 0.01833944836039698 0.02286052377058646 0.03405897552645153
