2 0.823119106748551 0.3148008861319406 0.11139158975849528 0.11163172244110943
2 0.583215872446696 0.07661003110963581 0.05198726654052735 0.048700795350251375
2 0.5310855597561797 0.12075449729785465 0.0453044573465983 0.05195599308720342
2 0.29569347927396444 0.4170388035283814 0.09375194369604092 0.1710138795719536
5 0.5403926140935021 0.07577895113407587 0.04436693644980656 0.0540027234518055
2 0.6158255259195964 0.20350609532109015 0.0615386962890625 0.06139457137496383
2 0.9246734301249185 0.20460194481743707 0.044382540384928386 0.0656193909821687
5 0.4632241439724373 0.037785853070637206 0.051169330064176614 0.0634304420107565
2 0.26512322628827484 0.04050464807436919 0.028379387602688575 0.041168658698539175
2 0.32598954443614636 0.0099601593625498 0.024645257654966394 0.0199203187250996
2 0.9339058999253175 0.347277556440903 0.11127707244212098 0.10756972111553782
2 0.9708737864077672 0.21115537848605584 0.037341299477221805 0.06108897742363878
2 0.42233009708737873 0.017264276228419657 0.020164301717699774 0.026560424966799476
