2 0.5039308352704246 0.09481913798921698 0.03835177558080337 0.05805455469990156
6 0.5423989931742347 0.07367751055522284 0.047301292419433594 0.061117184343319704
2 0.2516240437825521 0.08242158183345089 0.034126663208007814 0.04842226240370009
2 0.7691057691177622 0.28254877323771493 0.10184183303532951 0.09499174655319352
6 0.6133261985199531 0.12930982794331747 0.06391091578215077 0.0877424131193327
2 0.932473659515381 0.20402657544171368 0.05810578664143881 0.06103206210666233
2 0.4743548620331783 0.0640455334274857 0.034060305637419526 0.04208225320886682
2 0.518095874786377 0.03619166215260823 0.029474067687988284 0.026939107753612378
2 0.4477374294785265 0.038666649942678114 0.024685136720497144 0.040148704931836976
2 0.6762509335324868 0.14873837981407698 0.05451829723674407 0.06374501992031875
2 0.2938760268857356 0.045816733067729085 0.03211351755041078 0.04913678618857903
2 0.4809559372666169 0.015272244355909695 0.020911127707244216 0.025232403718459494
2 0.5937266616878268 0.08632138114209825 0.04480955937266617 0.03718459495351925
2 0.44137415982076184 0.007304116865869852 0.023898431665421965 0.014608233731739704
2 0.41075429424943993 0.009296148738379813 0.022404779686333084 0.018592297476759626
2 0.6198655713218819 0.20584329349269587 0.0642270351008215 0.07702523240371846
2 0.47572815533980584 0.029880478087649404 0.028379387602688575 0.022576361221779556
