2 0.06840414069592952 0.4079326629638672 0.13558568954467773 0.09751798841688368
2 0.29125272432963056 0.2856934582745587 0.04508339564005534 0.07762357923719618
2 0.5041071974310617 0.17857089221463796 0.05769227345784505 0.07032999109338829
5 0.21506862965118612 0.2594868263102468 0.08697620500276665 0.2153494674966945
2 0.24767392476399738 0.19454716576470268 0.03749513626098633 0.05776916786476418
5 0.3648037910461425 0.08914356938114873 0.033770116170247395 0.03827408684624566
2 0.5426008552717615 0.89523601123923 0.16066270118820003 0.20952797752153995
5 0.07538338926326964 0.2824230689028363 0.1301895883594967 0.10108771489794738
2 0.7753201396973225 0.3509316770186336 0.13736903376018628 0.12629399585921325
5 0.3841676367869616 0.427536231884058 0.15832363213038417 0.3250517598343684
2 0.2258440046565774 0.12525879917184266 0.03958090803259604 0.043478260869565216
5 0.20430733410942964 0.07142857142857144 0.03841676367869617 0.07246376811594203
2 0.1763678696158324 0.11904761904761901 0.02910360884749709 0.043478260869565216
2 0.31140861466821884 0.04865424430641822 0.02677532013969732 0.02691511387163561
