5 0.5420166810353597 0.21111640223750364 0.07603413263956706 0.09283852753815827
5 0.24344331836071326 0.3523360490853796 0.12062977216111453 0.30115465050542206
2 0.07183141733209292 0.4030765957302517 0.13621589342753093 0.09729354293258102
2 0.283336607615153 0.27273018448441116 0.05278911590576172 0.07655020819769966
2 0.2432200543261518 0.14914205062792493 0.04575911608138281 0.055003501904375564
2 0.3753205741335359 0.45504084254287436 0.08719217922505265 0.14401379706587
2 0.4160230318705241 0.12181811817811232 0.04120572408040366 0.046313223143558346
2 0.33113448176229177 0.060612024960532015 0.028563937476393055 0.030526887381294738
5 0.631963655013601 0.777025284031108 0.3410050485223862 0.4459494319377836
5 0.0770869913006828 0.28893574964103413 0.13715222737656854 0.09682988056457537
2 0.1717112922002328 0.10455486542443064 0.03143189755529686 0.039337474120082816
2 0.18044237485448197 0.13146997929606624 0.030267753201396973 0.03519668737060042
2 0.1915017462165309 0.17701863354037264 0.0430733410942957 0.043478260869565216
5 0.21303841676367874 0.08281573498964803 0.03958090803259604 0.08281573498964803
