2 0.23443236351013183 0.35156959251121234 0.057553863525390624 0.10262761999059605
2 0.1983645995457967 0.20767516383418327 0.04165514310201011 0.06399068479184751
5 0.251982155000984 0.15622155591461276 0.06526303578253648 0.13801787314256247
5 0.3522118250528971 0.3924780810320819 0.09663963317871094 0.1522457829228154
5 0.07578513141624152 0.2884455674140597 0.12480219237311721 0.09350766210113395
2 0.1854232544557684 0.1575727945197298 0.035032818719496726 0.05614247024757914
5 0.40818147785660924 0.7863647507447495 0.2669038322391002 0.4272704985105005
2 0.4535743258993486 0.14988012803241899 0.049224300641250884 0.04652253628000666
2 0.20309402345277566 0.09323276783061742 0.028712764356406316 0.039571517071587674
2 0.3045404434204102 0.04217672348022461 0.024358495076497396 0.02834867548059534
2 0.0709986868004004 0.40094562106662324 0.13495473861694335 0.09771078604239004
2 0.34675579259816536 0.07364207373725044 0.03618603130228851 0.04775242007399073
2 0.16821885913853318 0.09834368530020704 0.02677532013969732 0.039337474120082816
