2 0.20266513029734295 0.3035541534423828 0.06400971412658692 0.10862983421043111
2 0.4297063686730762 0.3400539075658087 0.07678436006750677 0.12383984366894392
2 0.23977576096852615 0.12045673090605603 0.03932948112487791 0.05721961330027112
2 0.3642242431640625 0.12780331505669487 0.038501866658528644 0.05518808718080875
2 0.29678595860799123 0.2679206041243465 0.05742346445719396 0.09856340510489522
2 0.2963509559631347 0.10603231651269002 0.037678972880045576 0.05266681953712746
2 0.5292402067675884 0.07443089262123775 0.03704405647621585 0.043156285684897114
2 0.7642378537014465 0.2619245061836394 0.08454989026605945 0.07623697632407811
2 0.5571047782897949 0.14322300663700807 0.05201168060302734 0.06620206479673031
2 0.720806630452474 0.3007129669189453 0.05859820048014322 0.06866152728045428
2 0.3509951555168033 0.06122392846786186 0.028427280238946463 0.03898803813101817
2 0.3386293111643981 0.03482485262890631 0.025090838843743034 0.03784608036011428
2 0.26203986311065686 0.05504754222528199 0.03190470195273618 0.034902600888852726
5 0.7042569081404033 0.16600265604249664 0.070201643017177 0.06374501992031872
2 0.9219566840926067 0.1992031872509961 0.03659447348767738 0.05577689243027889
2 0.45631067961165045 0.04714475431606905 0.03136669156086632 0.03585657370517929
2 0.2987303958177745 0.06839309428950865 0.03435399551904406 0.027888446215139452
2 0.2957430918595967 0.03519256308100929 0.03136669156086632 0.033200531208499334
2 0.2647498132935026 0.011952191235059759 0.02912621359223301 0.021248339973439574
2 0.29835698282300216 0.011288180610889775 0.030619865571321875 0.02257636122177955
2 0.3110530246452578 0.8857901726427613 0.1426437640029871 0.21779548472775562
