2 0.04661866687238216 0.4390513081949547 0.09260345300038657 0.10256834082218574
2 0.054948271639952966 0.376652671236441 0.1072819369213777 0.08611900495079153
5 0.07498971323172247 0.2851695227485782 0.1238338867823282 0.09040738055536111
2 0.20276325616131444 0.07636122177954846 0.029126213592233028 0.04382470119521914
2 0.1650485436893204 0.06706507304116865 0.023898431665421965 0.025232403718459494
2 0.1572068707991038 0.04581673306772908 0.020164301717699774 0.022576361221779556
2 0.1516056758775205 0.026560424966799466 0.019417475728155335 0.021248339973439574
2 0.2061239731142644 0.034528552456839307 0.022404779686333084 0.018592297476759626
2 0.21433905899925318 0.049800796812749015 0.020911127707244216 0.022576361221779556
2 0.1818521284540702 0.03652058432934927 0.02315160567587752 0.022576361221779556
