2 0.06848367291192214 0.4077440332483362 0.13432644208272299 0.09009263780381944
2 0.5174421987470658 0.1868409969188548 0.0566037413405039 0.06951384025522826
2 0.2835747718811035 0.2714073605007596 0.04109458923339844 0.07366748385959203
5 0.2144453207651773 0.25529584900000635 0.08203704036110163 0.211700488595763
5 0.3696164766947428 0.0947066095140245 0.037393951416015626 0.038789205197934745
2 0.225153855977708 0.1239870013493024 0.03754028150819734 0.060177335087557064
2 0.2452261130015055 0.18944023980034722 0.038816515604654954 0.060828738742404506
2 0.31429055531819666 0.0515679606684932 0.026086044311523438 0.03291377314814815
2 0.5230716872384478 0.8598897650751068 0.1630573266664388 0.26991961229255534
5 0.07479289811521224 0.288440124199312 0.12263184641760025 0.09239782575138253
5 0.3719441210710129 0.39648033126293997 0.14318975552968569 0.3002070393374741
2 0.8189755529685683 0.39130434782608703 0.15017462165308498 0.14906832298136646
5 0.20430733410942956 0.07453416149068323 0.031431897555296864 0.062111801242236024
2 0.17578579743888245 0.11180124223602483 0.02793946449359721 0.02898550724637681
